337.649
337.649
337.649
337.649
0.0190125
0.144989
0.00299072
0.0120239
0.0149841
0.0169983
0.0169983
0.0160217
0.0169983
0.0159912
0.0159912
0.0169983
0.0169983
0.0159912
0.0169983
0.0169983
0.0160217
0.0339966
0.0140076
0.00198364
0.0169983
0.0169983
0.0169983
0.0159912
0.0169983
0.0160217
0.0180054
0.0159912
0.0160217
0.0169983
0.0169983
0.0159912
0.0169983
0.0169983
0.0159912
0.0169983
0.0169983
0.0169983
0.0169983
0.0160217
0.0169983
0.0169983
0.0159912
0.0169983
0.0169983
0.0159912
0.0169983
0.0159912
0.0180054
0.0159912
0.0169983
0.0160217
0.0169983
0.0159912
0.0170288
0.0169983
0.0169983
0.0159912
0.0169983
0.0159912
0.0190125
0.0149841
0.0160217
0.0169983
0.0169983
0.0169983
0.0159912
0.0169983
0.0169983
0.0169983
0.0159912
0.0169983
0.0169983
0.0169983
0.0169983
0.0160217
0.0160217
0.0160217
0.0169983
0.0169983
0.0169983
0.0169983
0.0159912
0.0169983
0.0169983
0.0169983
0.0169983
0.0159912
0.0159912
0.0159912
0.0170288
0.0169983
0.0169983
0.0169983
0.0169983
0.0169983
0.0169983
0.0169983
0.0289917
0.0289917
0.0289917
0.0039978
0.0169983
0.0169983
0.0169983
0.0169983
0.0160217
0.0160217
0.0160217
0.0169983
0.0159912
0.0159912
0.0159912
0.0169983
0.0169983
0.0169983
0.0169983
0.0159912
0.0169983
0.0169983
0.0169983
0.0169983
0.0160217
0.0160217
0.0160217
0.0169983
0.0169983
0.0169983
0.0169983
0.0159912
0.0169983
0.0169983
0.0169983
0.0169983
0.0159912
0.0159912
0.0159912
0.0170288
0.0169983
0.0169983
0.0169983
0.0159912
0.0169983
0.0169983
0.0169983
0.0249939
0.00802612
0.00802612
0.00802612
0.0169983
0.0169983
0.0169983
0.0169983
0.0159912
0.0169983
0.0169983
0.0169983
0.0169983
0.0169983
0.0159912
0.0169983
0.0169983
0.0169983
0.0159912
0.0159912
0.0159912
0.0169983
0.0160217
0.0169983
0.0169983
0.0169983
0.0159912
0.0169983
0.0159912
0.0260315
0.00799561
0.0159912
0.0169983
0.0310059
0.00799561
0.0110168
0.0169983
0.0159912
0.0169983
0.0169983
0.0159912
0.0169983
0.0169983
0.0160217
0.0169983
0.0169983
0.0169983
0.0159912
0.0169983
0.0159912
0.0169983
0.0169983
0.0169983
0.0169983
0.0160217
0.0169983
0.0169983
0.0169983
0.0169983
0.0169983
0.0169983
0.0160217
0.0169983
0.0169983
0.0169983
0.0169983
0.0159912
0.0159912
0.0159912
0.0169983
0.0169983
0.0169983
0.0169983
0.0159912
0.0169983
0.0169983
0.0169983
0.0169983
0.0160217
0.0160217
0.0160217
0.0169983
0.0169983
0.0169983
0.0169983
0.0159912
0.0169983
0.0169983
0.0169983
0.0169983
0.0159912
0.0159912
0.0159912
0.0169983
0.0169983
0.0169983
0.0169983
0.0169983
0.0159912
0.0159912
0.0159912
0.0160217
0.0169983
0.0169983
0.0169983
0.0169983
0.0240173
0.0240173
0.0240173
0.00900269
0.0169983
0.0169983
0.0159912
0.0169983
0.0169983
0.0169983
0.0159912
0.0180054
0.0180054
0.0180054
0.0159912
0.0220032
0.0110168
0.0169983
0.0159912
0.0169983
0.0169983
0.0159912
0.0169983
0.0169983
0.0160217
0.0169983
0.0169983
0.0169983
0.0159912
0.0169983
0.0190125
0.0139771
0.0180359
0.0169983
0.0259705
0.00701904
0.0180054
0.0149841
0.0169983
0.0180054
0.0150146
0.0169983
0.0159912
0.0159912
0.0159912
0.0169983
0.0169983
0.0159912
0.0169983
0.0180054
0.0150146
0.0169983
0.0169983
0.0159912
0.0169983
0.0169983
0.0159912
0.0170288
0.0169983
0.0159912
0.0159912
0.0169983
0.0169983
0.0160217
0.0169983
0.0179749
0.0150146
0.0169983
0.0350037
0.00396729
0.0110168
0.0169983
0.0159912
0.0169983
0.0169983
0.0160217
0.0169983
0.0169983
0.0159912
0.0159912
0.0159912
0.0180054
0.0149841
0.0180359
0.0159912
0.0180054
0.019989
0.0119934
0.0160217
0.0169983
0.0169983
0.0169983
0.0169983
0.0159912
0.0159912
0.0169983
0.0169983
0.0160217
0.0169983
0.0169983
0.0279846
0.0279846
0.0279846
0.00500488
0.0169983
0.0299988
0.00500488
0.0149841
0.0160217
0.0160217
0.0169983
0.0169983
0.0160217
0.0169983
0.0269775
0.00601196
0.0169983
0.0169983
0.0159912
0.0169983
0.0169983
0.0169983
0.0169983
0.0160217
0.0169983
0.0169983
0.0159912
0.0169983
0.0169983
0.0319824
0.00500488
0.0130005
0.0159912
0.0159912
0.0159912
0.0169983
0.0169983
0.0169983
0.0160217
0.0169983
0.0169983
0.0159912
0.0159912
0.0310059
0.00601196
0.0130005
0.0130005
0.0169983
0.0169983
0.0310059
0.00698853
0.0119934
0.0239868
0.0250244
0.00799561
0.00900269
0.0169983
0.0169983
0.0450134
0.00796509
0.00802612
0.00799561
0.0140076
0.0169983
0.0159912
0.0169983
0.0169983
0.0249939
0.0280151
0.00900269
0.00698853
0.0150146
0.0150146
0.0150146
0.0169983
0.0159912
0.0180054
0.0150146
0.0169983
0.0169983
0.0159912
0.0169983
0.0169983
0.0159912
0.0169983
0.0169983
0.0169983
0.0160217
0.019989
0.0140076
0.0159912
0.0159912
0.0169983
0.0469971
0.0469971
0.00500488
0.00601196
0.00900269
0.0159912
0.0169983
0.0169983
0.0160217
0.0169983
0.0169983
0.0159912
0.0159912
0.0159912
0.0169983
0.0169983
0.0159912
0.0169983
0.0169983
0.0159912
0.0169983
0.0260315
0.00698853
0.0169983
0.0169983
0.0159912
0.0169983
0.0169983
0.0159912
0.0170288
0.0159912
0.0169983
0.0169983
0.0160217
0.0169983
0.0169983
0.0159912
0.0169983
0.0339966
0.00500488
0.0109863
0.0169983
0.0160217
0.0169983
0.0169983
0.0169983
0.0169983
0.0159912
0.0159912
0.0159912
0.0169983
0.0169983
0.0169983
0.0169983
0.0159912
0.0169983
0.0169983
0.0169983
0.0169983
0.0160217
0.0160217
0.0160217
0.0169983
0.0169983
0.0169983
0.0169983
0.0160217
0.0169983
0.0169983
0.0169983
0.0169983
0.0159912
0.0159912
0.0159912
0.0169983
0.0169983
0.0169983
0.0169983
0.0159912
0.0169983
0.0169983
0.0169983
0.0169983
0.0160217
0.0160217
0.0160217
0.0169983
0.039978
0.00302124
0.00302124
0.00302124
0.00698853
0.00698853
0.00698853
0.0169983
0.0159912
0.0159912
0.0159912
0.0169983
0.0159912
0.0159912
0.0159912
0.0190125
0.0149841
0.0149841
0.0149841
0.0160217
0.0179749
0.0179749
0.0179749
0.0160217
0.0159912
0.0159912
0.0159912
0.0170288
0.0169983
0.0169983
0.0169983
0.0159912
0.0169983
0.0169983
0.0169983
0.0169983
0.0159912
0.0159912
0.0159912
0.0169983
0.0249939
0.0249939
0.0249939
0.00802612
0.0169983
0.0169983
0.0169983
0.0169983
0.0159912
0.0159912
0.0159912
0.0169983
0.0169983
0.0169983
0.0169983
0.0159912
0.0169983
0.0169983
0.0169983
0.0169983
0.0160217
0.0160217
0.0160217
0.0179749
0.0160217
0.0160217
0.0160217
0.0159912
0.0169983
0.0169983
0.0169983
0.0169983
0.0159912
0.0159912
0.0159912
0.0180359
0.0159912
0.0159912
0.0159912
0.0239868
0.0100098
0.0100098
0.0100098
0.0169983
0.0159912
0.0159912
0.0159912
0.0169983
0.0160217
0.0160217
0.0160217
0.0169983
0.0169983
0.0169983
0.0169983
0.0169983
0.0159912
0.0159912
0.0159912
0.0169983
0.0169983
0.0169983
0.0169983
0.0359802
0.0359802
0.0359802
0.0359802
0.0359802
0.00302124
0.00302124
0.0100098
0.0169983
0.0169983
0.0169983
0.0169983
0.0159912
0.0169983
0.0169983
0.0159912
0.0200195
0.0140076
0.0159912
0.0169983
0.0169983
0.0160217
0.0169983
0.0169983
0.0159912
0.0169983
0.0319824
0.00900269
0.00900269
0.0169983
0.0159912
0.0169983
0.0169983
0.0160217
0.0169983
0.0169983
0.0169983
0.0159912
0.0169983
0.0159912
0.03302
0.00302124
0.0239868
0.00698853
0.0160217
0.0169983
0.0169983
0.0159912
0.0239868
0.0100098
0.0159912
0.0169983
0.0169983
0.0160217
0.0169983
0.0169983
0.0169983
0.0169983
0.0169983
0.0159912
0.0169983
0.0159912
0.0169983
0.0200195
0.0130005
0.0169983
0.0169983
0.0509949
0.00302124
0.0319824
0.00299072
0.0110168
0.0159912
0.0169983
0.0169983
0.0160217
0.0169983
0.0159912
0.0169983
0.0169983
0.0159912
0.0169983
0.0169983
0.0159912
0.0169983
0.0169983
0.0169983
0.0290222
0.00497437
0.0160217
0.0170288
0.0170288
0.0169983
0.0159912
0.0159912
0.0159912
0.0289917
0.0410156
0.00497437
0.00900269
0.0160217
0.0169983
0.0169983
0.0169983
0.0159912
0.0169983
0.0169983
0.0169983
0.0159912
0.0159912
0.0169983
0.0169983
0.0280151
0.00500488
0.0169983
0.0159912
0.0169983
0.0169983
0.0159912
0.0180359
0.0159912
0.0279846
0.00601196
0.0169983
0.0350037
0.00497437
0.0090332
0.0169983
0.0169983
0.0169983
0.0169983
0.0159912
0.0329895
0.00201416
0.0149841
0.0169983
0.0160217
0.0179749
0.0160217
0.0159912
0.0169983
0.0169983
0.0169983
0.0169983
0.0159912
0.03302
0.00299072
0.0140076
0.0169983
0.0169983
0.0169983
0.0169983
0.0160217
0.0169983
0.0169983
0.0159912
0.0169983
0.0169983
0.0209961
0.0119934
0.0169983
0.0159912
0.0350037
0.0350037
0.0050354
0.00997925
0.0240173
0.0240173
0.0109558
0.0160217
0.0159912
0.0169983
0.0159912
0.0170288
0.0229797
0.0100098
0.0169983
0.0160217
0.0169983
0.0310059
0.0310059
0.00698853
0.0159912
0.0130005
0.0130005
0.0159912
0.0190125
0.0149841
0.0160217
0.0169983
0.0169983
0.0449829
0.03302
0.00698853
0.00601196
0.00897217
0.0160217
0.0160217
0.0160217
0.0200195
0.0139771
0.0160217
0.0169983
0.0169983
0.0159912
0.0169983
0.0169983
0.0159912
0.0350037
0.0039978
0.0110168
0.0169983
0.0169983
0.0169983
0.0159912
0.0169983
0.0169983
0.0169983
0.0159912
0.0169983
0.0169983
0.0159912
0.0169983
0.0160217
0.0160217
0.0169983
0.0169983
0.0159912
0.0200195
0.0249939
0.00601196
0.0239868
0.00900269
0.0169983
0.0159912
0.0169983
0.0160217
0.0169983
0.0270081
0.00598145
0.0169983
0.0169983
0.0159912
0.0169983
0.0169983
0.0160217
0.0169983
0.0169983
0.0159912
0.0310059
0.00299072
0.0170288
0.0169983
0.0169983
0.0169983
0.0169983
0.0159912
0.0169983
0.0180054
0.0289917
0.00299072
0.0160217
0.0169983
0.0169983
0.0169983
0.0169983
0.0169983
0.0159912
0.0169983
0.0159912
0.0209961
0.0130005
0.0160217
0.0169983
0.0169983
0.0159912
0.0169983
0.0169983
0.0159912
0.0170288
0.0169983
0.0159912
0.0169983
0.0299988
0.00698853
0.00698853
0.013031
0.0169983
0.0159912
0.0169983
0.0169983
0.0159912
0.0169983
0.0169983
0.0159912
0.0169983
0.0169983
0.0160217
0.0169983
0.0159912
0.0169983
0.0169983
0.0169983
0.0320129
0.00302124
0.0159912
0.0159912
0.0159912
0.0169983
0.0169983
0.0169983
0.0169983
0.0160217
0.0160217
0.0310059
0.00598145
0.0339966
0.00601196
0.00698853
0.0159912
0.0159912
0.0320129
0.0320129
0.019989
0.00701904
0.00799561
0.0159912
0.0169983
0.0250244
0.00796509
0.0169983
0.0169983
0.0160217
0.0169983
0.0169983
0.0160217
0.0169983
0.0169983
0.0159912
0.0169983
0.0220032
0.0109863
0.0169983
0.0169983
0.0169983
0.0160217
0.0159912
0.0159912
0.0159912
0.0169983
0.0169983
0.0159912
0.0169983
0.0169983
0.0329895
0.00402832
0.0329895
0.0329895
0.0329895
0.0039978
0.00900269
0.00900269
0.00900269
0.0169983
0.0169983
0.0240173
0.0159912
0.019989
0.00701904
0.0159912
0.0169983
0.0159912
0.026001
0.00799561
0.0339966
0.0339966
